aerugineus  ;rgb(147, 197, 146);rgb(103, 146, 103);rgb(106, 171, 142);rgb(59, 120, 97);rgb(141, 163, 153);rgb(94, 113, 106);rgb(102, 173, 164);rgb(49, 120, 115);
armeniacus;rgb(203, 109, 81);rgb(217, 144, 88);
atroardesiacus;rgb(58, 75, 71);rgb(78, 87, 85);rgb(0, 48, 78);rgb(83, 104, 120);rgb(54, 69, 79);rgb(32, 40, 48);rgb(81, 88, 94);rgb(32, 36, 40);rgb(93, 85, 91);rgb(85, 85, 85);rgb(34, 34, 34);
atrocyaneus  ;rgb(49, 120, 115);rgb(0, 75, 73);rgb(54, 117, 136);rgb(0, 73, 88);rgb(67, 107, 149);rgb(0, 48, 78);rgb(83, 104, 120);
atroherbaceus;rgb(134, 126, 54);rgb(102, 93, 30);rgb(138, 154, 91);rgb(74, 93, 35);rgb(81, 87, 68);rgb(53, 94, 59);rgb(59, 120, 97);rgb(94, 113, 106);
atrolazulinus;rgb(0, 161, 194);rgb(0, 103, 165);rgb(0, 65, 106);rgb(67, 107, 149);rgb(0, 48, 78);rgb(83, 104, 120);rgb(54, 69, 79);rgb(84, 90, 167);rgb(78, 81, 128);rgb(76, 81, 109);
atrolividus;rgb(134, 96, 142);rgb(86, 60, 92);rgb(121, 104, 120);rgb(80, 64, 77);rgb(93, 57, 84);rgb(103, 49, 71);
atromurinus;rgb(91, 80, 79);rgb(85, 85, 85);
atropurpureus;rgb(96, 47, 107);rgb(134, 96, 142);rgb(86, 60, 92);rgb(80, 64, 77);rgb(158, 79, 136);rgb(112, 41, 99);rgb(145, 92, 131);rgb(93, 57, 84);rgb(52, 23, 49);rgb(103, 49, 71);
atrovenetus;rgb(59, 120, 97);rgb(27, 77, 62);rgb(94, 113, 106);rgb(58, 75, 71);rgb(78, 87, 85);rgb(0, 122, 116);rgb(49, 120, 115);rgb(0, 75, 73);rgb(54, 117, 136);rgb(83, 104, 120);rgb(54, 69, 79);
atrovinosus;rgb(144, 93, 93);rgb(84, 61, 63);rgb(103, 76, 71);rgb(80, 64, 77);rgb(103, 49, 71);rgb(145, 95, 109);
atroviolaceus;rgb(54, 69, 79);rgb(39, 36, 88);rgb(78, 81, 128);rgb(37, 36, 64);rgb(76, 81, 109);rgb(96, 78, 129);rgb(47, 33, 64);rgb(85, 76, 105);rgb(96, 47, 107);rgb(86, 60, 92);rgb(121, 104, 120);rgb(80, 64, 77);
atroviridis;rgb(126, 159, 46);rgb(138, 154, 91);rgb(74, 93, 35);rgb(81, 87, 68);rgb(103, 146, 103);rgb(53, 94, 59);rgb(62, 180, 137);rgb(0, 121, 89);rgb(59, 120, 97);rgb(27, 77, 62);rgb(94, 113, 106);rgb(58, 75, 71);rgb(78, 87, 85);rgb(49, 120, 115);rgb(0, 75, 73);
aurantiacus;rgb(243, 132, 0);rgb(237, 135, 45);rgb(234, 162, 33);
avellaneus;rgb(193, 154, 107);rgb(130, 102, 68);rgb(174, 155, 130);
badius;rgb(171, 78, 82);rgb(144, 93, 93);rgb(84, 61, 63);rgb(136, 45, 23);rgb(121, 68, 59);rgb(103, 76, 71);
brunneo-vinosus;rgb(144, 93, 93);rgb(84, 61, 63);rgb(92, 80, 79);rgb(103, 76, 71);rgb(99, 81, 71);rgb(91, 80, 79);rgb(80, 64, 77);rgb(103, 49, 71);
bubalinus;rgb(244, 194, 194);rgb(227, 168, 87);rgb(250, 214, 165);rgb(248, 222, 126);rgb(201, 174, 93);rgb(243, 229, 171);
caeruleo-glaucus;rgb(199, 230, 215);rgb(150, 222, 209);rgb(102, 170, 188);rgb(188, 212, 230);rgb(145, 163, 176);
caeruleo-griseus;rgb(188, 212, 230);rgb(145, 163, 176);rgb(83, 104, 120);rgb(129, 135, 139);rgb(140, 146, 172);
caeruleus;rgb(199, 230, 215);rgb(150, 222, 209);rgb(102, 173, 164);rgb(35, 158, 186);rgb(156, 209, 220);rgb(102, 170, 188);rgb(161, 202, 241);rgb(112, 163, 204);rgb(188, 212, 230);rgb(145, 163, 176);
caesius;rgb(102, 170, 188);rgb(54, 117, 136);rgb(112, 163, 204);rgb(67, 107, 149);rgb(145, 163, 176);rgb(83, 104, 120);rgb(135, 145, 191);rgb(78, 81, 128);rgb(140, 146, 172);rgb(76, 81, 109);
castaneus;rgb(121, 68, 59);rgb(62, 29, 30);rgb(103, 76, 71);rgb(67, 48, 46);
chlorinus;rgb(138, 154, 91);rgb(68, 148, 74);rgb(103, 146, 103);
cinnamomeus;rgb(217, 166, 169);rgb(217, 144, 88);rgb(166, 123, 91);rgb(227, 168, 87);rgb(190, 138, 61);rgb(153, 101, 21);rgb(193, 154, 107);rgb(130, 102, 68);
citrino-viridis  ;rgb(185, 180, 89);rgb(152, 148, 62);rgb(134, 126, 54);
corallinus  ;rgb(228, 113, 122);rgb(171, 78, 82);rgb(217, 96, 59);rgb(203, 109, 81);
croceus;rgb(244, 194, 194);rgb(217, 144, 88);rgb(251, 201, 127);rgb(227, 168, 87);rgb(250, 214, 165);
cyaneus;rgb(0, 119, 145);rgb(54, 117, 136);rgb(0, 103, 165);rgb(67, 107, 149);
electrinus;rgb(250, 218, 94);rgb(212, 175, 55);rgb(248, 222, 126);rgb(201, 174, 93);
ferro-griseus;rgb(87, 85, 76);
flavo-virens;rgb(190, 183, 46);rgb(234, 230, 121);rgb(185, 180, 89);rgb(235, 232, 164);rgb(189, 218, 87);rgb(126, 159, 46);rgb(201, 220, 137);rgb(138, 154, 91);rgb(218, 223, 183);
flavus;rgb(250, 218, 94);rgb(212, 175, 55);rgb(248, 222, 126);rgb(233, 228, 80);rgb(190, 183, 46);
fulvus;rgb(174, 105, 56);rgb(190, 138, 61);rgb(153, 101, 21);
fumosus;rgb(193, 182, 179);rgb(194, 172, 153);rgb(174, 155, 130);rgb(194, 178, 128);rgb(191, 184, 165);rgb(242, 243, 244);rgb(185, 184, 181);
fusco-niger;rgb(92, 80, 79);rgb(62, 50, 44);rgb(91, 80, 79);rgb(72, 60, 50);rgb(80, 64, 77);rgb(93, 85, 91);rgb(56, 21, 44);rgb(85, 85, 85);
fuscus;rgb(144, 93, 93);rgb(92, 80, 79);rgb(91, 80, 79);rgb(80, 64, 77);rgb(93, 85, 91);
glauco-griseus;rgb(143, 151, 121);rgb(199, 230, 215);rgb(141, 163, 153);rgb(178, 190, 181);rgb(125, 137, 132);rgb(145, 163, 176);rgb(83, 104, 120);rgb(180, 188, 192);rgb(129, 135, 139);
glauco-venetus ;rgb(141, 163, 153);rgb(94, 113, 106);rgb(102, 173, 164);rgb(49, 120, 115);
glaucus;rgb(147, 197, 146);rgb(199, 230, 215);rgb(141, 163, 153);rgb(102, 173, 164);rgb(156, 209, 220);rgb(188, 212, 230);
griseo-caeruleus;rgb(161, 202, 241);rgb(112, 163, 204);rgb(188, 212, 230);rgb(145, 163, 176);rgb(179, 188, 226);rgb(135, 145, 191);rgb(192, 200, 225);rgb(140, 146, 172);
griseo-chlorinus;rgb(234, 230, 121);rgb(185, 180, 89);rgb(235, 232, 164);rgb(185, 181, 125);rgb(201, 220, 137);rgb(138, 154, 91);rgb(218, 223, 183);
griseo-lavendulus;rgb(135, 145, 191);rgb(192, 200, 225);rgb(140, 146, 172);rgb(196, 195, 221);rgb(150, 144, 171);rgb(85, 76, 105);rgb(182, 149, 192);rgb(170, 152, 169);rgb(121, 104, 120);rgb(139, 133, 137);rgb(195, 166, 177);
griseo-lazulinus;rgb(145, 163, 176);rgb(83, 104, 120);rgb(140, 146, 172);rgb(76, 81, 109);
griseo-lilacinus;rgb(222, 165, 164);rgb(170, 138, 158);rgb(195, 166, 177);
griseo-lineus;rgb(73, 151, 208);rgb(161, 202, 241);rgb(112, 163, 204);rgb(135, 145, 191);rgb(192, 200, 225);rgb(140, 130, 182);
griseo-olivaceous;rgb(140, 135, 103);rgb(138, 135, 118);rgb(87, 85, 76);
griseo-roseus;rgb(234, 147, 153);rgb(228, 113, 122);rgb(249, 204, 202);rgb(222, 165, 164);rgb(192, 128, 129);rgb(234, 216, 215);rgb(196, 174, 173);rgb(222, 111, 161);rgb(239, 187, 204);rgb(213, 151, 174);rgb(193, 126, 145);
griseo-sepiaceus;rgb(151, 127, 115);rgb(149, 128, 112);rgb(99, 81, 71);rgb(91, 80, 79);rgb(193, 154, 107);rgb(130, 102, 68);rgb(174, 155, 130);rgb(126, 109, 90);
griseo-venetus;rgb(150, 222, 209);rgb(102, 173, 164);
griseo-violaceus;rgb(140, 146, 172);rgb(76, 81, 109);rgb(96, 78, 129);rgb(150, 144, 171);rgb(85, 76, 105);
griseo-viridis;rgb(68, 148, 74);rgb(147, 197, 146);rgb(103, 146, 103);rgb(106, 171, 142);
herbaceus;rgb(185, 180, 89);rgb(152, 148, 62);rgb(134, 126, 54);rgb(102, 93, 30);rgb(126, 159, 46);rgb(138, 154, 91);rgb(143, 151, 121);rgb(74, 93, 35);rgb(81, 87, 68);rgb(103, 146, 103);rgb(53, 94, 59);rgb(59, 120, 97);rgb(94, 113, 106);rgb(58, 75, 71);
hinnuleus;rgb(151, 127, 115);rgb(166, 123, 91);rgb(111, 78, 55);rgb(149, 128, 112);rgb(99, 81, 71);
incarnatus;rgb(228, 113, 122);rgb(222, 165, 164);rgb(248, 131, 121);rgb(230, 103, 97);rgb(244, 194, 194);rgb(217, 166, 169);
isabellinus;rgb(130, 102, 68);rgb(161, 143, 96);rgb(150, 113, 23);
latericius;rgb(121, 68, 59);rgb(151, 127, 115);rgb(103, 76, 71);rgb(166, 123, 91);rgb(111, 78, 55);rgb(99, 81, 71);
lavendulo-griseus  ;rgb(145, 163, 176);rgb(180, 188, 192);rgb(129, 135, 139);rgb(191, 185, 189);rgb(139, 133, 137);rgb(132, 132, 130);
lavendulus;rgb(108, 121, 184);rgb(179, 188, 226);rgb(135, 145, 191);rgb(126, 115, 184);rgb(220, 208, 255);rgb(140, 130, 182);rgb(196, 195, 221);rgb(150, 144, 171);rgb(214, 202, 221);
lazulino-ardesiacus;rgb(0, 48, 78);rgb(83, 104, 120);rgb(54, 69, 79);rgb(76, 81, 109);
lazulinus;rgb(0, 161, 194);rgb(73, 151, 208);rgb(0, 103, 165);rgb(67, 107, 149);rgb(48, 38, 122);rgb(108, 121, 184);rgb(84, 90, 167);
lilacinus;rgb(126, 115, 184);rgb(140, 130, 182);rgb(211, 153, 230);rgb(182, 149, 192);rgb(134, 96, 142);rgb(214, 202, 221);rgb(170, 152, 169);rgb(158, 79, 136);rgb(183, 132, 167);rgb(145, 92, 131);rgb(170, 138, 158);rgb(222, 111, 161);rgb(239, 187, 204);rgb(213, 151, 174);rgb(232, 204, 215);rgb(195, 166, 177);
lineus;rgb(73, 151, 208);rgb(161, 202, 241);rgb(112, 163, 204);rgb(188, 212, 230);rgb(145, 163, 176);rgb(108, 121, 184);rgb(179, 188, 226);rgb(135, 145, 191);rgb(192, 200, 225);rgb(140, 146, 172);
livido-purpureus;rgb(134, 96, 142);rgb(183, 132, 167);rgb(145, 92, 131);rgb(131, 100, 121);rgb(168, 81, 110);rgb(145, 95, 109);
livido-ruber;rgb(168, 81, 110);rgb(145, 95, 109);
livido-violaceus;rgb(96, 78, 151);rgb(140, 130, 182);rgb(96, 78, 129);rgb(135, 86, 146);rgb(134, 96, 142);rgb(121, 104, 120);
luteolus;rgb(251, 201, 127);rgb(227, 168, 87);rgb(250, 218, 94);rgb(212, 175, 55);rgb(248, 222, 126);rgb(201, 174, 93);
luteus;rgb(237, 135, 45);rgb(234, 162, 33);rgb(243, 195, 0);rgb(212, 175, 55);
malachiteus;rgb(147, 197, 146);rgb(103, 146, 103);rgb(59, 120, 97);
malvaceus;rgb(211, 153, 230);rgb(135, 86, 146);rgb(182, 149, 192);rgb(158, 79, 136);rgb(222, 111, 161);
melleus;rgb(227, 168, 87);rgb(153, 101, 21);rgb(193, 154, 107);rgb(130, 102, 68);rgb(201, 174, 93);rgb(171, 145, 68);rgb(150, 113, 23);
miniatus ;rgb(226, 88, 34);rgb(217, 96, 59);rgb(203, 109, 81);rgb(158, 71, 50);
murinus ;rgb(91, 80, 79);rgb(75, 54, 33);rgb(132, 132, 130);rgb(85, 85, 85);
niger;rgb(91, 80, 79);rgb(87, 85, 76);rgb(54, 69, 79);rgb(80, 64, 77);rgb(93, 85, 91);rgb(85, 85, 85);rgb(34, 34, 34);
obscuro-virens;rgb(102, 93, 30);rgb(91, 88, 66);rgb(74, 93, 35);rgb(81, 87, 68);rgb(59, 120, 97);rgb(27, 77, 62);rgb(94, 113, 106);rgb(58, 75, 71);
ochraceus;rgb(244, 194, 194);rgb(217, 166, 169);rgb(237, 135, 45);rgb(217, 144, 88);rgb(234, 162, 33);rgb(201, 133, 0);rgb(190, 138, 61);
olivaceo-bubalinus;rgb(243, 229, 171);rgb(194, 178, 128);
olivaceo-citrinus;rgb(175, 141, 19);rgb(171, 145, 68);rgb(150, 113, 23);rgb(108, 84, 30);rgb(152, 148, 62);rgb(134, 126, 54);rgb(102, 93, 30);
olivaceo-griseus;rgb(91, 88, 66);rgb(138, 135, 118);rgb(87, 85, 76);
olivaceo-niger;rgb(87, 85, 76);rgb(81, 87, 68);rgb(49, 54, 43);rgb(78, 87, 85);rgb(85, 85, 85);
olivaceus  ;rgb(126, 109, 90);rgb(72, 60, 50);rgb(171, 145, 68);rgb(161, 143, 96);rgb(150, 113, 23);rgb(108, 84, 30);rgb(152, 148, 62);rgb(134, 126, 54);rgb(102, 93, 30);rgb(91, 88, 66);
persicinus;rgb(248, 131, 121);rgb(244, 194, 194);rgb(217, 166, 169);rgb(217, 96, 59);rgb(203, 109, 81);rgb(253, 148, 63);rgb(250, 181, 127);rgb(217, 144, 88);
pistaceus;rgb(138, 154, 91);rgb(143, 151, 121);rgb(147, 197, 146);rgb(103, 146, 103);rgb(106, 171, 142);rgb(141, 163, 153);rgb(94, 113, 106);
plumbeo-niger;rgb(81, 88, 94);
plumbeus;rgb(145, 163, 176);rgb(83, 104, 120);rgb(129, 135, 139);rgb(81, 88, 94);
prasinus;rgb(201, 220, 137);rgb(182, 229, 175);rgb(147, 197, 146);rgb(142, 209, 178);rgb(199, 230, 215);
primulinus;rgb(243, 229, 171);rgb(234, 230, 121);rgb(185, 180, 89);
purpureo-ardesiacus;rgb(121, 104, 120);rgb(80, 64, 77);rgb(93, 57, 84);rgb(131, 100, 121);
purpureo-griseus;rgb(121, 104, 120);rgb(139, 133, 137);rgb(93, 85, 91);rgb(132, 132, 130);
purpureus;rgb(154, 78, 174);rgb(135, 86, 146);rgb(96, 47, 107);rgb(134, 96, 142);rgb(135, 0, 116);rgb(158, 79, 136);rgb(112, 41, 99);rgb(179, 68, 108);rgb(120, 24, 74);rgb(168, 81, 110);rgb(145, 95, 109);
roseo-bubalinus;rgb(244, 194, 194);rgb(217, 166, 169);rgb(236, 213, 197);rgb(199, 173, 163);rgb(194, 172, 153);rgb(250, 214, 165);
roseo-vinosus;rgb(244, 194, 194);rgb(217, 166, 169);rgb(236, 213, 197);rgb(199, 173, 163);rgb(180, 116, 94);rgb(168, 124, 109);
roseus;rgb(255, 181, 186);rgb(234, 147, 153);rgb(228, 113, 122);rgb(171, 78, 82);rgb(248, 131, 121);rgb(230, 103, 97);rgb(158, 79, 136);rgb(255, 200, 214);rgb(230, 143, 172);rgb(222, 111, 161);rgb(239, 187, 204);rgb(206, 70, 118);rgb(179, 68, 108);
ruber;rgb(190, 0, 50);rgb(188, 63, 74);rgb(206, 70, 118);rgb(120, 24, 74);rgb(168, 81, 110);rgb(145, 95, 109);
salmoneus;rgb(217, 166, 169);rgb(236, 213, 197);rgb(194, 172, 153);rgb(250, 181, 127);rgb(217, 144, 88);rgb(227, 168, 87);rgb(250, 214, 165);rgb(243, 229, 171);
senatus;rgb(190, 101, 22);rgb(201, 133, 0);rgb(190, 138, 61);rgb(153, 101, 21);
sepiaceus;rgb(111, 78, 55);rgb(99, 81, 71);rgb(130, 102, 68);rgb(126, 109, 90);rgb(72, 60, 50);rgb(108, 84, 30);
stramineus;rgb(248, 222, 126);rgb(243, 229, 171);rgb(234, 230, 121);rgb(185, 180, 89);rgb(235, 232, 164);
sublazulinus;rgb(73, 151, 208);rgb(0, 103, 165);rgb(161, 202, 241);rgb(112, 163, 204);rgb(188, 212, 230);rgb(145, 163, 176);rgb(48, 38, 122);rgb(108, 121, 184);rgb(84, 90, 167);rgb(179, 188, 226);rgb(135, 145, 191);rgb(192, 200, 225);rgb(140, 146, 172);
submurinus;rgb(193, 182, 179);rgb(142, 130, 121);rgb(191, 184, 165);rgb(185, 184, 181);
subolivaceo-griseus;rgb(240, 234, 214);rgb(191, 184, 165);rgb(140, 135, 103);rgb(138, 135, 118);
subpurpureo-griseus;rgb(191, 185, 189);rgb(139, 133, 137);
subvinoso-griseus;rgb(196, 174, 173);rgb(193, 182, 179);rgb(173, 136, 132);rgb(144, 93, 93);rgb(143, 129, 127);rgb(149, 128, 112);rgb(170, 152, 169);rgb(121, 104, 120);rgb(191, 185, 189);rgb(139, 133, 137);rgb(232, 204, 215);rgb(195, 166, 177);
subvinosus;rgb(249, 204, 202);rgb(222, 165, 164);rgb(234, 216, 215);rgb(196, 174, 173);rgb(193, 182, 179);rgb(236, 213, 197);rgb(199, 173, 163);
subviolaceous;rgb(48, 38, 122);rgb(108, 121, 184);rgb(84, 90, 167);rgb(179, 188, 226);rgb(135, 145, 191);rgb(192, 200, 225);rgb(140, 146, 172);rgb(126, 115, 184);rgb(220, 208, 255);rgb(140, 130, 182);rgb(196, 195, 221);rgb(150, 144, 171);rgb(211, 153, 230);rgb(213, 186, 219);rgb(182, 149, 192);
subviridi-griseus;rgb(180, 188, 192);rgb(185, 184, 181);
subviridis;rgb(189, 218, 87);rgb(201, 220, 137);rgb(218, 223, 183);rgb(131, 211, 125);rgb(147, 197, 146);
sulphureus;rgb(233, 228, 80);rgb(234, 230, 121);rgb(185, 180, 89);rgb(235, 232, 164);
testaceus;rgb(248, 131, 121);rgb(217, 166, 169);rgb(180, 116, 94);rgb(168, 124, 109);rgb(121, 68, 59);rgb(217, 144, 88);rgb(166, 123, 91);
umbrinus;rgb(121, 68, 59);rgb(103, 76, 71);rgb(128, 70, 27);rgb(166, 123, 91);rgb(111, 78, 55);rgb(153, 101, 21);rgb(130, 102, 68);rgb(75, 54, 33);
venetus;rgb(0, 166, 147);rgb(0, 122, 116);rgb(102, 173, 164);rgb(49, 120, 115);
vinoso-bubalinus;rgb(193, 182, 179);rgb(244, 194, 194);rgb(217, 166, 169);rgb(236, 213, 197);rgb(199, 173, 163);rgb(194, 172, 153);rgb(193, 154, 107);rgb(174, 155, 130);
vinoso-griseus;rgb(144, 93, 93);rgb(92, 80, 79);rgb(151, 127, 115);rgb(149, 128, 112);rgb(99, 81, 71);rgb(121, 104, 120);
vinoso-lividus;rgb(173, 136, 132);rgb(144, 93, 93);rgb(168, 124, 109);rgb(103, 76, 71);rgb(193, 126, 145);rgb(145, 95, 109);
vinoso-purpureus;rgb(131, 100, 121);
vinosus;rgb(228, 113, 122);rgb(192, 128, 129);rgb(144, 93, 93);rgb(248, 131, 121);
violaceo-ardesiacus;rgb(121, 104, 120);rgb(80, 64, 77);rgb(93, 85, 91);
violaceo-griseus;rgb(83, 104, 120);rgb(76, 81, 109);rgb(121, 104, 120);rgb(139, 133, 137);rgb(93, 85, 91);rgb(132, 132, 130);rgb(85, 85, 85);
violaceo-niger;rgb(80, 64, 77);rgb(93, 85, 91);rgb(85, 85, 85);rgb(34, 34, 34);
violaceus;rgb(48, 38, 122);rgb(84, 90, 167);rgb(78, 81, 128);rgb(144, 101, 202);rgb(126, 115, 184);rgb(96, 78, 151);rgb(140, 130, 182);rgb(96, 78, 129);rgb(154, 78, 174);rgb(96, 47, 107);rgb(134, 96, 142);
viridi-caeruleus;rgb(62, 180, 137);rgb(106, 171, 142);rgb(199, 230, 215);rgb(150, 222, 209);rgb(102, 173, 164);
viridi-flavus;rgb(233, 228, 80);rgb(190, 183, 46);rgb(234, 230, 121);rgb(185, 180, 89);rgb(235, 232, 164);rgb(141, 182, 0);rgb(189, 218, 87);rgb(126, 159, 46);rgb(201, 220, 137);rgb(138, 154, 91);
viridi-glaucus;rgb(201, 220, 137);rgb(218, 223, 183);rgb(142, 209, 178);rgb(199, 230, 215);
viridi-griseus;rgb(138, 154, 91);rgb(143, 151, 121);rgb(141, 163, 153);rgb(94, 113, 106);rgb(178, 190, 181);rgb(125, 137, 132);rgb(129, 135, 139);rgb(81, 88, 94);rgb(185, 184, 181);rgb(132, 132, 130);
viridi-niger;rgb(85, 85, 85);
viridi-olivaceus  ;rgb(161, 143, 96);rgb(134, 126, 54);rgb(138, 154, 91);rgb(143, 151, 121);
viridis;rgb(141, 182, 0);rgb(189, 218, 87);rgb(126, 159, 46);rgb(131, 211, 125);rgb(147, 197, 146);rgb(62, 180, 137)